0100000101000011
0101000101000110
0100000011000001
0101000011001001
0100011001000000
0000111001011011
0101000111010100
0101000001001010
0000010011001001
0101000010001011
0001000001100000
0011010010111111
0101000010001100
0100000110001100
0111010101000010
0000111111011010
0011111111111011
0011111111111101
0101000111010111
0000100111001100
0101000100011011
0001000011111001
0101000111011000
0100000101000000
0100000011000100
0100000100011100
1000101011000000
0101000101001110
1111111111111111
0000
0000
0011111111111101
0011111111111110
0001000000000010
0000
0000
0000
0000
0000
0000
0011111111111111
0101100111000000
0011100100000001
0001000000000010
0000
0000
